4
35
39
38
11
50
40
17
40
49
2
30
11
50
49
35
19
42
14
13
3
11
23
48
3
34
28
32
6
25
5
38
43
17
18
25
23
46
38
40
0
15
29
0
0
27
23
14
28
15
41
29
50
40
23
5
16
9
39
30
9
22
17
7
39
50
0
2
30
5
37
24
29
31
48
25
25
28
24
27
45
27
29
32
38
7
29
43
41
17
5
26
18
31
28
37
45
30
4
50
39
34
0
30
50
0
42
21
1
19
30
43
17
9
47
36
17
10
49
36
46
5
12
10
32
31
24
29
28
11
40
49
5
10
2
38
28
21
45
38
10
12
24
5
6
39
47
43
8
13
25
14
25
8
23
17
31
26
31
21
45
48
34
26
19
26
33
23
26
18
38
7
14
10
28
37
15
46
25
2
25
33
40
23
13
30
13
6
25
39
38
6
8
4
48
10
4
22
35
45
20
3
34
34
43
31
5
23
44
43
48
31
23
34
30
40
44
9
11
27
48
42
14
13
11
25
33
19
26
18
42
11
43
38
32
19
41
7
29
19
20
23
10
22
1
33
6
13
19
30
23
24
40
14
20
41
13
29
39
11
5
20
39
19
21
10
49
36
50
29
14
27
22
19
15
7
24
2
31
33
41
31
3
48
35
3
3
20
38
35
0
12
2
37
11
39
17
35
23
21
45
29
41
10
30
5
34
1
25
10
23
0
4
25
13
14
44
39
35
19
42
48
0
44
36
33
13
6
20
11
0
4
0
26
34
25
34
33
23
6
10
9
42
18
33
25
45
34
46
34
8
37
30
23
13
31
11
14
23
8
23
35
30
8
19
1
18
26
44
29
49
34
29
30
2
24
0
48
23
25
0
20
46
23
39
33
34
43
26
17
47
35
31
5
16
41
14
24
37
46
0
31
29
39
24
3
43
35
30
20
4
7
38
23
4
13
9
26
24
23
48
14
14
27
0
2
49
28
8
26
0
31
44
15
22
32
16
39
38
22
39
34
31
36
1
48
50
0
6
17
39
14
47
42
37
18
27
19
0
28
0
0
42
35
36
42
12
7
10
20
34
41
33
30
8
38
28
10
12
48
11
9
42
11
25
6
22
40
24
30
33
0
27
17
49
11
40
27
38
32
35
25
22
16
30
21
18
4
43
34
22
26
19
5
23
35
14
34
17
21
38
26
31
17
24
7
39
0
39
3
5
35
9
18
38
12
44
47
5
24
44
34
39
50
8
8
45
17
11
36
39
34
50
0
25
27
26
17
44
38
24
19
14
38
13
31
41
45
37
25
46
13
39
39
26
15
43
50
33
20
4
50
14
29
8
34
34
2
2
9
30
38
15
23
34
17
46
42
43
47
41
34
8
0
28
34
48
33
46
25
27
16
45
0
46
0
14
16
29
25
3
44
10
16
30
29
48
38
11
40
49
14
49
10
35
21
43
40
48
0
9
18
5
2
25
6
33
8
27
1
35
28
37
14
5
26
40
50
29
39
39
49
25
6
32
42
50
39
44
46
40
1
40
10
5
45
14
50
30
31
30
31
30
0
8
44
42
26
22
39
32
27
11
3
30
43
2
37
24
41
10
12
24
26
5
5
14
13
35
22
47
43
0
23
26
30
4
24
4
19
26
42
32
23
44
19
14
49
10
27
30
0
39
33
7
41
13
24
47
0
13
8
23
30
1
3
36
49
44
36
26
5
10
15
5
5
34
1
47
15
40
13
32
32
18
31
14
18
21
2
12
35
36
19
45
41
32
44
7
50
44
30
43
20
26
30
33
28
29
26
31
34
15
6
50
31
43
9
11
13
43
16
23
10
50
12
23
26
39
33
3
47
11
0
39
0
5
24
2
38
48
8
28
0
10
28
47
0
44
47
24
48
19
41
12
1
18
3
10
27
30
44
6
14
45
2
30
16
31
8
9
26
31
46
28
43
11
10
19
21
0
41
2
15
37
40
39
28
35
18
18
30
50
13
17
11
25
8
43
17
0
35
27
14
7
46
3
9
36
50
13
11
11
5
32
29
46
0
8
7
28
32
5
45
18
5
38
21
27
21
22
43
18
17
0
33
5
48
31
2
14
39
26
39
20
0
19
25
36
31
22
8
48
13
26
15
1
41
28
33
30
46
12
19
14
27
33
40
7
1
31
41
47
42
13
17
42
22
46
16
39
19
48
3
7
37
39
15
37
50
8
22
8
14
5
39
0
37
43
40
8
26
30
26
19
25
9
10
41
35
7
19
20
31
9
19
35
23
22
32
21
25
22
12
33
19
49
22
7
2
10
11
5
38
5
30
38
44
48
29
