40
50
16
40
42
28
40
26
33
50
34
5
17
22
24
41
35
11
5
23
2
11
23
28
50
26
34
22
12
8
45
39
27
11
16
25
2
28
31
50
3
15
39
0
44
7
14
18
32
6
27
44
50
0
5
12
45
17
39
27
18
1
3
35
50
3
39
22
37
5
1
10
31
31
30
26
2
21
29
27
50
45
7
28
26
1
34
26
24
17
28
25
47
14
15
29
45
30
4
0
39
16
42
21
2
0
34
5
1
36
37
11
29
3
35
11
31
23
36
32
0
28
12
14
48
17
41
37
37
25
11
50
29
7
19
11
33
34
15
13
10
12
3
18
36
19
40
27
8
3
30
18
36
45
27
26
13
26
34
3
8
36
47
26
23
3
6
47
47
46
20
15
23
50
24
17
5
13
25
50
25
48
17
30
44
38
36
36
48
45
20
15
34
2
31
10
19
9
46
38
32
37
24
30
43
44
35
23
44
5
46
45
2
42
24
35
23
18
44
27
47
33
38
15
37
26
22
10
33
26
42
10
19
34
11
5
21
38
44
48
23
33
20
24
37
32
32
21
12
23
36
19
22
5
48
13
13
28
3
11
39
14
8
3
15
34
50
13
50
42
45
32
13
36
22
14
20
27
8
34
6
17
39
19
18
23
27
44
11
50
30
21
38
47
11
30
20
10
39
18
21
47
41
48
37
0
49
22
25
10
14
28
4
11
46
6
35
11
35
28
42
14
17
44
6
34
33
6
23
11
48
4
17
40
5
7
47
45
10
2
35
19
14
1
48
35
33
10
18
22
8
22
19
7
13
47
25
20
38
31
14
15
7
8
17
36
17
37
44
36
40
36
15
26
6
26
8
32
2
26
17
20
37
18
39
26
31
30
18
17
24
35
30
27
17
19
38
34
35
32
29
27
16
35
20
32
31
35
38
11
4
5
16
43
4
27
30
25
18
27
36
16
10
15
47
45
50
21
34
18
44
42
33
2
12
14
22
4
35
47
48
44
47
15
7
12
40
31
0
17
44
7
47
31
20
18
22
36
29
11
30
50
6
1
35
26
4
12
24
3
28
37
38
23
20
13
28
10
12
3
37
6
42
38
13
13
1
40
2
11
2
9
35
25
41
44
14
37
49
48
15
25
23
28
37
49
1
4
43
29
1
7
14
33
23
9
2
18
25
38
39
3
44
9
21
2
39
24
39
22
47
13
9
15
2
12
33
47
6
11
8
2
29
30
3
35
45
7
15
36
44
20
3
13
0
29
38
29
11
16
40
14
34
18
5
34
41
45
47
31
21
12
33
26
16
38
43
3
8
10
4
50
5
19
34
17
20
2
2
39
30
2
15
21
8
17
22
42
38
47
0
7
17
0
37
38
36
48
20
25
43
15
17
45
46
22
48
44
34
17
14
16
3
11
7
34
20
15
20
20
50
20
50
0
33
39
0
0
35
41
45
18
21
48
25
14
26
11
30
4
15
42
37
1
22
49
18
38
38
35
6
22
26
1
14
31
50
14
0
46
18
15
40
40
5
34
21
50
18
12
11
37
11
25
29
42
15
7
18
7
48
19
38
3
14
6
6
7
19
25
47
35
43
48
10
5
5
50
4
23
16
1
0
13
1
29
4
41
12
19
6
42
37
10
31
7
37
20
14
25
20
5
16
24
0
46
33
14
3
0
39
20
45
50
40
8
9
35
10
47
44
28
3
9
18
21
33
12
35
49
40
36
15
32
38
44
14
35
21
15
12
35
36
4
36
37
32
45
26
40
37
30
21
42
11
20
22
47
50
37
38
12
18
5
10
31
47
35
37
22
42
34
15
2
27
12
9
29
0
15
9
27
5
42
35
0
39
18
41
48
50
50
13
16
10
17
18
25
29
33
29
26
31
7
12
32
31
23
4
40
10
23
21
13
7
2
30
43
11
6
9
17
24
30
13
4
16
14
5
28
42
43
0
50
16
15
38
34
46
1
27
37
18
46
10
11
30
31
43
33
38
47
34
19
26
16
46
4
18
19
2
44
13
37
17
27
27
38
34
20
5
15
5
16
6
5
2
34
47
14
1
43
19
38
29
11
28
23
47
31
35
39
30
39
7
0
49
26
36
7
47
8
48
48
17
18
9
6
7
28
31
35
12
28
20
31
43
10
20
23
44
48
18
24
3
17
42
23
3
37
39
46
11
10
7
7
5
4
15
18
0
25
8
34
19
27
16
28
16
40
20
5
24
3
38
28
47
20
46
19
27
19
3
14
19
19
0
25
10
24
31
22
22
12
39
22
50
34
40
34
30
14
39
2
48
47
25
33
48
36
