14
24
0
2
11
0
40
26
40
49
16
49
11
2
48
34
44
38
47
38
2
33
18
39
3
28
15
36
50
1
21
15
2
49
18
11
26
46
15
22
17
38
39
38
0
47
21
13
24
10
43
11
13
21
20
35
16
23
5
31
37
27
9
39
13
19
49
2
0
5
37
26
27
31
30
25
36
34
21
5
11
39
24
13
13
8
44
10
41
50
43
25
24
11
11
9
15
45
4
24
47
30
40
31
27
17
34
21
38
41
47
37
9
2
24
45
25
30
36
15
43
19
30
40
29
45
40
48
37
45
44
49
38
9
30
40
3
22
13
36
7
8
40
26
0
14
43
50
49
41
25
12
36
30
7
17
7
20
39
12
45
13
0
35
27
9
4
47
18
7
37
49
2
33
30
41
36
15
48
50
25
17
18
16
22
33
4
45
50
39
10
46
36
27
47
10
12
29
47
8
8
36
24
42
43
38
0
10
11
34
37
12
1
2
37
16
23
9
24
19
33
0
10
38
37
25
34
13
17
15
11
34
31
20
18
5
19
35
39
11
48
26
6
16
9
33
9
13
50
29
33
24
2
31
11
38
41
39
44
44
47
14
31
36
35
11
7
27
50
31
38
32
24
14
0
41
49
2
44
16
46
45
49
9
19
3
17
7
45
21
30
2
26
13
44
16
24
35
12
14
28
38
28
39
40
16
49
49
25
7
35
16
4
47
41
5
25
44
24
8
3
41
39
18
2
33
2
50
22
0
0
27
37
20
9
43
22
20
34
7
28
8
29
29
22
30
29
37
39
42
8
49
22
5
12
18
29
41
27
8
12
1
0
11
24
36
18
43
44
17
0
3
35
38
43
0
25
23
46
44
6
35
33
1
39
22
27
22
47
48
24
45
49
18
36
41
37
30
21
19
31
27
39
38
32
14
43
20
20
45
50
22
38
2
4
6
13
25
18
40
34
38
48
41
34
45
49
12
48
20
34
0
21
24
24
24
7
35
7
39
15
9
8
48
10
49
2
15
7
20
29
10
9
47
38
10
27
17
26
21
18
6
38
0
16
42
19
49
48
12
49
20
33
37
14
33
21
9
12
48
20
12
42
22
0
28
24
40
18
24
2
9
18
25
0
24
47
31
15
25
16
25
31
45
8
25
43
4
2
20
31
2
10
28
37
4
48
16
47
1
31
36
14
27
11
20
14
16
21
23
4
48
3
32
26
12
16
1
46
22
0
46
45
24
34
35
50
25
9
36
35
20
1
40
13
31
35
22
49
0
7
13
31
47
23
0
5
13
17
36
13
18
38
42
8
34
43
32
47
47
4
49
5
19
34
18
20
0
32
29
39
35
35
6
37
13
23
42
41
2
16
29
48
30
37
11
32
48
33
25
18
24
38
41
48
15
45
21
27
25
7
7
8
2
43
49
8
6
21
20
39
20
31
17
24
16
0
45
38
23
21
36
10
22
9
21
5
44
0
25
47
44
1
37
18
17
10
15
38
4
45
3
49
28
38
41
40
27
7
46
34
15
40
11
23
42
10
21
50
12
30
4
11
12
48
43
8
17
2
7
1
24
38
42
41
41
9
37
48
45
7
12
18
11
41
49
5
50
32
21
50
46
47
2
38
48
4
41
12
19
47
29
49
38
45
48
20
30
10
27
7
23
39
44
9
35
28
12
24
0
38
34
46
0
40
8
14
35
15
36
33
31
2
14
14
5
17
44
5
24
0
18
34
32
14
34
50
33
48
43
50
14
12
4
32
6
30
23
8
50
24
25
13
7
2
24
28
2
11
0
19
26
12
5
50
29
24
35
36
24
23
17
15
34
7
12
21
2
47
33
20
26
48
44
20
17
27
3
3
24
16
39
11
30
14
17
23
3
44
8
36
18
35
45
4
1
36
31
14
13
16
43
48
10
25
35
24
39
29
8
25
31
33
11
46
32
13
18
36
37
0
38
0
18
1
40
27
28
38
1
15
23
16
34
39
30
0
40
43
47
32
35
34
43
42
16
36
29
41
49
43
3
41
35
42
29
27
21
5
2
28
44
5
25
6
39
25
11
31
4
23
43
24
0
29
47
31
44
24
11
16
20
41
6
9
42
49
7
50
38
0
8
24
49
20
43
42
13
5
5
16
46
12
47
34
25
28
14
28
1
24
2
20
45
24
39
11
28
2
45
47
19
0
10
35
18
2
4
38
22
20
3
11
42
19
2
16
21
10
33
41
47
37
10
43
19
26
10
23
0
0
41
26
18
50
19
20
6
38
11
37
25
22
30
45
0
40
44
0
37
48
38
39
18
21
44
22
19
2
12
